.Random.seed <-
c(403L, 10L, -1743006802L, -1518513831L, 1029214059L, -1771864358L, 
-1614245988L, 1883616159L, 560355829L, 1113349260L, 125134178L, 
457177405L, -1572400713L, -931555746L, 1683111832L, 1862668027L, 
-1962744167L, -976089304L, -378100266L, -1428608431L, 1131610371L, 
580787346L, 2118308388L, 2078665959L, -1242103491L, -575933004L, 
1686153754L, -211103387L, 2020753407L, 80352902L, -1497076208L, 
-1518783309L, -102150319L, 820732672L, -1031505442L, -190635479L, 
1403867611L, -1895481622L, 127175820L, -718703665L, 2038107013L, 
-1075746756L, -1375966958L, -1819754995L, -805098169L, 912729902L, 
2102516360L, 1272073099L, 1449495401L, -141048520L, -1297365018L, 
-800317567L, -926124269L, 1864540354L, -2061616268L, -1351563401L, 
431235181L, 1784381188L, -727499222L, 2068018069L, 260429871L, 
1008496950L, -1569812128L, -57331805L, 1649301697L, -1407383376L, 
1484494798L, 160959289L, 2026931019L, -1522075398L, 129016316L, 
-1599913409L, -248183019L, -1545784276L, 1795460354L, 846603741L, 
-1270295337L, 744038334L, 1515092472L, 698400219L, -1999186887L, 
-1709746808L, -177356490L, -239748239L, -513459805L, 1673233650L, 
-2035599292L, -371942649L, 374373085L, -667458604L, -568286470L, 
-2008287675L, 2026032799L, -112757722L, 990748848L, -875308717L, 
603767921L, -306611808L, 1579660606L, 1150637129L, 458547451L, 
-432797494L, -1151873492L, -1091243473L, 1089366757L, 1900834716L, 
-612562446L, 2014897261L, 513705383L, -433262642L, 1120300328L, 
2062356267L, -1185745591L, -570508712L, 2061562630L, -1999855903L, 
1754413683L, -1009335582L, -1525375404L, 1335666519L, -1137763507L, 
-1370345756L, 622751434L, -1851248843L, -96041585L, 209216150L, 
715455040L, -2122364157L, -658040031L, -2080842736L, 1773521902L, 
-456336487L, -1404730325L, 225091866L, 611750876L, 876123615L, 
-444128843L, 1564929868L, -328530526L, -1194097411L, -1915401737L, 
1157105438L, -1043269160L, 1334874939L, -578923303L, -1064036248L, 
1510305174L, -1882180335L, -878741821L, 908613330L, -2038591644L, 
-708414809L, -730620931L, -1369403916L, 2135902938L, 1521601573L, 
-585998017L, -194029882L, 767605584L, -683089037L, 269686161L, 
890877888L, 71270814L, -1815942295L, -1043374181L, -874355030L, 
1826296012L, -1568829041L, 362767813L, -71423620L, 1441290706L, 
-1309293235L, -2111252473L, 471988206L, 1930755784L, 736391627L, 
-1634237399L, 44331640L, -286031962L, -1137722943L, -8925613L, 
1814021378L, 896214068L, -322079305L, 956553645L, -1232143676L, 
2096209642L, 1542975829L, -1427577105L, -2056563466L, 1463116832L, 
-292350493L, -1881176447L, 1432629488L, 1260498830L, -790257415L, 
-997176693L, 1750420154L, -671439428L, 1676250879L, 1103626837L, 
-130992788L, 2004630978L, -2031108579L, -1335015785L, 1685770238L, 
497679288L, 1565079451L, -256868871L, -1207026360L, -110233482L, 
1384105393L, -226472989L, -1975084878L, 1288189188L, -1987930553L, 
2143306013L, 825937812L, -278645958L, -698384507L, -1177187233L, 
-2141632794L, 1698033008L, -677161325L, -2018193615L, 192648672L, 
2075112062L, 1417822473L, -1098865861L, -1144910964L, 569912508L, 
376135474L, 83923520L, -1205508940L, -791456696L, 1683618234L, 
-1808626160L, 1833498860L, -1814943404L, -1190582510L, 477889952L, 
624782028L, -723638688L, -1710551102L, 1409205032L, -568820308L, 
1860833596L, 2030727026L, -673414864L, 1467064100L, -2028931784L, 
-2092770598L, 588355472L, 1432720124L, 2067423124L, 628267074L, 
-200979200L, -1583289284L, 875953488L, -338630494L, -2075785400L, 
-861268212L, 134937308L, 790119250L, 2004107904L, 221718612L, 
895499240L, 1426749178L, 827730256L, -665697492L, 1952118644L, 
-38866030L, -401680800L, 1737932684L, -468982944L, 230295522L, 
372174760L, -134882100L, 664948220L, -1547416654L, -1419269648L, 
-427669052L, 1588769112L, 618145146L, -1014304336L, -265367620L, 
-1899048876L, 874677186L, -980917216L, -708055876L, 291007056L, 
1735086050L, 1830221416L, 735627852L, -746340100L, 371519474L, 
330775808L, 1298896756L, 1887199240L, -1748240966L, 637517264L, 
2044625900L, -785342572L, -975811630L, -598984864L, 1596077388L, 
-1795515104L, -1622862974L, 1764330216L, -1267829524L, 515095100L, 
-1690428558L, -2078061968L, -1462351836L, 962328376L, 1924381850L, 
1619112656L, -1939300164L, 1598957204L, 1986520706L, 623402176L, 
367325500L, 1767702672L, 82434594L, 142063112L, 1623396620L, 
-1069686116L, 69811730L, 70970752L, -1755877868L, 1126655528L, 
1239258426L, -1429870640L, -1836039572L, -362100940L, 1622340242L, 
2113567072L, 2022465868L, -541802528L, -794792030L, 1090058152L, 
2062244748L, 413849276L, 7084914L, 116394224L, -1923688380L, 
-1239089832L, -1471806406L, 962896752L, 1797325884L, 76397332L, 
-901740094L, -1699475232L, 1270810492L, 888549072L, -2012043614L, 
1236993064L, 422283532L, 113730492L, -577180366L, -2116124736L, 
50950708L, -319255608L, -1462008646L, -923881584L, -713497108L, 
910663764L, -1112133998L, -1362207968L, -1449370164L, -1689236512L, 
-1011461438L, 1292626472L, 874815148L, 186331836L, -152944142L, 
-10270416L, -1557431132L, 1208955576L, -1925477542L, 1331490192L, 
2129617276L, -661054188L, -490444478L, 1748484864L, 367606716L, 
469003088L, 1361174818L, -1392571064L, 457422860L, 1949489244L, 
-1907338030L, 870148096L, 2091860L, 1835602408L, 106661882L, 
349423312L, 26318124L, 1225619700L, -1452820590L, -470635424L, 
125103372L, -682096928L, -1183347358L, -2088271192L, -1576932788L, 
552593276L, -1156338894L, -134517136L, 88890692L, 1072901080L, 
1607417978L, 553145904L, 1466423996L, -1881385132L, -1899365822L, 
1707498400L, 80263356L, 1954689488L, -752401054L, -714677272L, 
1930110924L, 584148732L, -1394700302L, -1110852480L, -1228846860L, 
-273640312L, 1668330810L, 127075152L, 1362570348L, 341307540L, 
-1483617966L, -1524408608L, 1691984076L, -1957455712L, -1380525694L, 
1478523112L, -1924896532L, -1186076612L, -490741646L, 2030954608L, 
1171776036L, 318882360L, 696449562L, -1715183408L, -1909881284L, 
489065620L, -1322859390L, 1462790080L, 1873870140L, 1879445136L, 
-1454906334L, -829468664L, 117087372L, -771747812L, -1879559022L, 
908377094L, 1101568580L, -1081674891L, 595900127L, 1398911544L, 
-1637811690L, -1454756317L, -247182875L, -461711358L, -608480656L, 
1927149593L, 1618727435L, -204228356L, -978533078L, 1926724447L, 
711314153L, 1299599870L, 1212554732L, -516027075L, -1322584825L, 
-452856592L, -1964865394L, 1661764283L, 55122589L, -1082999222L, 
1553024104L, -1407771567L, -739547325L, 1149788740L, 1939722482L, 
726113479L, -1561426287L, 281171990L, 1936040564L, -297634555L, 
101149519L, -937859768L, 1992268006L, -1805021677L, 2040279413L, 
1684981074L, 476939680L, 480900233L, -1063160645L, -1671723252L, 
-1938723174L, -1511926769L, 153915481L, 1536023790L, 1385846652L, 
1795769325L, -715887465L, 1248376672L, 1812082494L, -802123765L, 
-1579804531L, 207462842L, -476762120L, -747025503L, -616716973L, 
1595055220L, 345501186L, -1957371753L, 612135521L, -975615322L, 
-377482588L, -1237731499L, 1751579647L, -2123011432L, 1636208566L, 
1562371139L, 1492991365L, -1693702622L, -990454512L, 1601768633L, 
-1333382805L, -536158116L, -2045375094L, 1027594623L, 1277920457L, 
1713060190L, 159627788L, 60046813L, -1553603353L, 147882256L, 
535814190L, -1849452837L, 764276669L, 1685211434L, 1288543688L, 
-483138831L, 893234275L, -478103452L, 1428829074L, -236087193L, 
1765615665L, -389465738L, -649607532L, -477442907L, 1741754799L, 
1974045288L, 404156998L, -813803533L, -370546859L, 1297144114L, 
-294966016L, -2128908823L, 98138203L, -1646908756L, -1614785350L, 
826725999L, 920470521L, -1723241842L, 1012231004L, -2111060019L, 
1435182903L, 512177600L, -1593042274L, 906105707L, 488000237L, 
-1655259302L, 209974296L, 1875693953L, -999381197L, -1694868140L, 
1924994914L, 1153903607L, 846189633L, -2008416058L, 200879620L, 
371116469L, -271337825L, -945629448L, -78177578L, 46174051L, 
-1430505691L, 183119042L, 764529072L, 860471769L, -1907830965L, 
86877628L, -303049238L, 708637215L, 267557033L, -767684546L, 
638083372L, 1218628477L, -1518468665L, 356332720L, 1328816846L, 
